21,2
21,1
21,0
20,3
20,2
20,1
20,0
19,3
19,2
19,1
19,0
17,3
17,2
17,1
17,0
16,4
16,3
16,2
16,1
16,0
15,3
15,2
15,1
15,0
13,3
13,2
13,1
13,0
11,5
11,4
11,3
11,2
11,1
11,0
10,4
10,3
10,2
10,1
10,0
8,4
8,3
8,2
8,1
8,0
7,4
7,3
7,2
7,1
7,0
5,4
5,3
5,2
5,1
5,0
4,3
4,2
4,1
4,0
3,6
3,5
3,4
3,3
3,2
3,1
3,0
2,22
2,21
2,20
2,19
2,15
2,14
2,13
2,12
2,11
2,10
2,7
2,3
2,2
2,1
2,0
1,2
1,1
1,0
0,443
0,441
0,428
0,409
0,9
0,440
25,1
25,8
25,7
25,6
25,5
25,4
25,3
25,2
25,0
21,3
2,18
2,17
1,3
0,412
0,324
0,243
0,0
0,1
0,416
0,300
0,396
0,299
0,395
0,298
0,394
0,297
0,393
0,296
0,438
0,295
0,392
0,294
0,415
0,293
0,391
0,292
0,390
0,291
0,437
0,290
0,389
0,289
0,429
0,288
0,388
0,287
0,387
0,286
0,386
0,285
0,385
0,284
0,436
0,283
0,384
0,282
0,414
0,281
0,383
0,280
0,382
0,279
0,435
0,278
0,381
0,277
0,434
0,276
0,380
0,275
0,379
0,274
0,413
0,273
0,378
0,272
0,433
0,271
0,377
0,270
0,376
0,269
0,375
21,4
21,5
23,1
23,2
23,4
23,5
26,1
26,3
26,4
27,1
27,2
27,4
27,6
27,7
28,1
28,2
28,4
29,0
29,2
30,0
30,1
30,3
30,4
31,1
31,3
31,4
33,1
33,2
33,4
33,5
33,7
33,9
34,0
34,2
34,3
36,0
36,2
36,3
38,0
38,1
38,3
40,0
40,2
40,4
41,0
41,2
41,3
42,0
42,2
42,3
44,0
44,1
44,3
46,0
46,1
46,3
47,0
47,2
47,3
48,1
48,3
50,0
50,2
50,3
51,0
51,2
51,3
52,0
52,1
52,3
52,4
54,0
54,2
54,3
55,0
55,1
55,3
57,0
57,1
57,3
57,4
58,0
58,1
58,3
60,0
60,1
60,3
61,0
61,2
61,4
61,5
63,1
63,2
63,4
64,1
64,2
64,4
66,0
66,2
66,3
67,0
67,2
67,3
68,0
68,1
68,3
70,1
70,2
70,4
71,0
71,2
71,3
71,5
71,7
72,0
72,2
72,3
73,1
73,3
75,0
75,2
75,3
76,0
76,1
76,3
78,1
78,2
78,4
79,0
79,2
79,4
80,0
80,2
80,3
82,1
82,2
82,4
83,1
83,2
83,4
85,0
85,2
85,4
86,0
86,2
86,3
88,0
88,2
88,3
88,5
88,6
90,1
90,2
90,4
93,1
93,2
93,4
93,5
94,1
94,3
94,4
94,6
94,7
95,1
95,2
95,4
98,0
98,1
98,3
98,4
101,0
101,2
101,3
101,5
102,0
102,2
102,3
102,5
104,0
104,1
104,3
106,0
106,2
106,4
106,5
108,1
108,2
108,4
108,6
109,0
109,2
109,3
109,5
109,6
111,0
111,2
111,3
112,1
112,2
112,4
114,0
114,1
114,3
114,4
116,1
116,2
116,4
117,0
117,1
117,3
117,4
119,1
119,3
119,4
120,1
120,2
120,4
120,5
121,1
121,3
121,4
123,1
123,2
123,4
123,6
124,0
124,2
124,3
126,0
126,1
126,3
127,1
127,2
127,4
128,0
128,2
128,4
130,0
130,2
130,3
131,0
131,2
131,3
132,0
132,1
132,3
132,4
134,1
134,3
134,4
135,1
135,2
135,4
136,1
136,2
136,4
137,0
137,2
137,3
139,0
139,2
139,3
140,0
140,1
140,3
142,0
142,1
142,3
142,4
143,1
143,2
143,4
145,0
145,1
145,3
145,4
146,0
146,2
146,3
146,5
148,0
148,2
148,4
149,0
149,2
149,3
151,0
151,1
151,3
153,1
153,2
154,0
154,1
154,3
154,5
155,0
155,2
155,3
155,5
155,6
157,1
157,3
157,4
157,6
159,0
159,2
159,4
159,5
160,1
160,2
162,0
162,1
162,3
163,0
163,1
163,3
164,0
164,2
164,4
164,5
165,1
165,2
165,4
165,6
166,0
166,2
166,3
167,1
167,2
168,0
168,2
168,3
169,1
169,2
171,0
171,2
171,3
171,4
171,1
169,3
169,0
168,1
167,3
167,0
166,1
165,5
165,3
165,0
164,3
164,1
163,2
162,4
162,2
160,3
160,0
159,3
159,1
157,5
157,2
157,0
155,4
155,1
154,4
154,2
153,3
153,0
151,2
149,4
149,1
148,3
148,1
146,4
146,1
145,5
145,2
143,5
143,3
143,0
142,2
140,4
140,2
139,4
139,1
137,4
137,1
136,3
136,0
135,3
135,0
134,2
134,0
132,2
131,4
131,1
130,4
130,1
128,3
128,1
127,3
127,0
126,2
124,4
124,1
123,5
123,3
123,0
121,2
121,0
120,3
120,0
119,2
119,0
117,2
116,5
116,3
116,0
114,2
112,5
112,3
112,0
111,1
109,7
109,4
109,1
108,5
108,3
108,0
106,3
106,1
104,2
102,6
102,4
102,1
101,4
101,1
98,5
98,2
95,5
95,3
95,0
94,5
94,2
94,0
93,3
93,0
90,3
90,0
88,4
88,1
86,4
86,1
85,3
85,1
83,3
83,0
82,3
82,0
80,1
79,3
79,1
78,3
78,0
76,2
75,4
75,1
73,2
73,0
72,1
71,6
71,4
71,1
70,3
70,0
68,2
67,4
67,1
66,4
66,1
64,3
64,0
63,3
63,0
61,3
61,1
60,2
58,4
58,2
57,5
57,2
55,4
55,2
54,4
54,1
52,5
52,2
51,4
51,1
50,4
50,1
48,2
48,0
47,1
46,2
44,4
44,2
42,4
42,1
41,4
41,1
40,3
40,1
38,2
36,4
36,1
34,4
34,1
33,8
33,6
33,3
33,0
31,2
31,0
30,2
29,3
29,1
28,3
28,0
27,5
27,3
27,0
26,2
26,0
23,3
23,0
0,268
0,374
0,267
0,411
0,266
0,373
0,265
0,432
0,264
0,372
0,263
0,371
0,262
0,410
0,261
0,370
0,260
0,431
0,259
0,369
0,258
0,368
0,257
0,367
0,256
0,366
0,255
0,365
0,254
0,364
0,253
0,430
0,252
0,363
0,251
0,427
0,250
0,362
0,249
0,361
0,248
0,360
0,247
0,359
0,246
0,358
0,245
0,357
0,244
0,426
0,242
0,356
0,241
0,407
0,240
0,355
0,239
0,354
0,238
0,353
0,237
0,352
0,236
0,406
0,235
0,351
0,234
0,405
0,233
0,350
0,232
0,349
0,231
0,348
0,230
0,347
0,229
0,404
0,228
0,346
0,227
0,403
0,226
0,345
0,225
0,344
0,224
0,343
0,223
0,342
0,222
0,402
0,221
0,341
0,220
0,401
0,219
0,340
0,218
0,339
0,217
0,425
0,216
0,338
0,215
0,400
0,214
0,337
0,213
0,336
0,212
0,335
0,211
0,334
0,210
0,424
0,209
0,333
0,208
0,399
0,207
0,332
0,206
0,331
0,205
0,398
0,204
0,330
0,203
0,423
0,202
0,329
0,201
0,328
0,200
0,327
0,199
0,326
0,198
0,397
0,197
0,325
0,196
0,422
0,195
0,323
0,194
0,322
0,193
0,444
0,192
0,320
0,63
0,421
0,62
0,319
0,61
0,420
0,60
0,318
0,59
0,317
0,58
0,419
0,57
0,316
0,56
0,418
0,55
0,315
0,54
0,314
0,53
0,313
0,52
0,312
0,51
0,417
0,50
0,311
0,49
0,310
0,48
0,309
0,47
0,308
0,46
0,307
0,45
0,301
0,6
0,5
0,304
0,303
0,306
0,305
0,302
0,442
0,12
0,408
0,10
0,8
0,439
0,11
0,4
0,2
0,3
0,7
